ID	Galaxy		Seq	RA		Dec		Type	PA	d	logNHI	Rad	b/a	Mass
#				"h:m:s":	"d:m:s"			deg:	pc	[/cm2]	kpc	b/a	Msun
#----------------------------------------------------------------------------------------------------------------------
1	CVnIdwA		1	12:38:40.5	+32:45:34.0	1	45	248	1.1	0.8	0.7	4
2	ddo43		1	07:28:11.6	+40:46:00.5	3	90	794	0.4	3.9	1.0	29
3	ddo43		2	07:28:12.4	+40:46:37.4	2	90	567	0.4	3.7	1.0	12
4	ddo43		3	07:28:12.9	+40:46:25.5	2	39	553	0.6	3.2	0.5	14
5	ddo43		4	07:28:14.5	+40:46:37.5	2	90	454	0.8	2.4	1.0	13
6	ddo43		5	07:28:15.4	+40:45:54.0	2	90	454	0.8	1.6	1.0	15
7	ddo43		6	07:28:15.8	+40:47:15.0	3	90	477	0.7	2.8	1.0	12
8	ddo43		7	07:28:16.4	+40:46:45.0	3	90	454	0.9	1.6	1.0	18
9	ddo43		8	07:28:16.8	+40:46:37.5	2	131	452	0.9	1.2	0.8	18
10	ddo43		9	07:28:17.4	+40:45:55.5	1	171	797	0.8	0.7	0.6	84
11	ddo43		10	07:28:19.1	+40:45:07.5	3	90	749	0.6	2.7	1.0	36
12	ddo43		11	07:28:19.8	+40:45:57.0	3	90	386	0.8	1.5	1.0	9
13	ddo43		12	07:28:19.8	+40:46:48.0	2	90	613	0.8	1.8	1.0	31
14	ddo43		13	07:28:20.6	+40:45:46.5	2	90	636	0.7	2.2	1.0	32
15	ddo43		14	07:28:22.7	+40:45:55.4	2	138	462	0.6	3.3	0.8	9
16	ddo43		15	07:28:22.8	+40:46:17.9	3	90	499	0.6	3.3	1.0	11
17	ddo46		1	07:41:18.4	+40:06:07.9	3	90	320	0.8	2.9	1.0	76
18	ddo46		2	07:41:20.5	+40:06:22.9	2	27	413	0.9	2.1	0.6	141
19	ddo46		3	07:41:20.6	+40:06:56.8	3	90	355	0.8	2.1	1.0	92
20	ddo46		4	07:41:21.1	+40:06:00.4	2	6	435	1.0	2.2	0.7	233
21	ddo46		5	07:41:21.6	+40:06:34.9	2	163	391	0.9	1.7	0.7	133
22	ddo46		6	07:41:21.6	+40:07:15.4	3	35	217	0.7	2.1	0.7	5
23	ddo46		7	07:41:22.6	+40:06:56.0	2	25	312	1.0	1.5	0.6	111
24	ddo46		8	07:41:24.5	+40:07:06.5	1	90	621	1.0	1.2	1.0	388
25	ddo46		9	07:41:25.4	+40:06:20.0	1	34	743	1.1	0.7	0.7	754
26	ddo46		10	07:41:25.6	+40:05:39.5	3	136	510	0.9	2.0	0.8	221
27	ddo46		11	07:41:26.1	+40:06:38.0	3	174	264	1.0	0.2	0.8	19
28	ddo46		12	07:41:26.1	+40:05:24.5	3	90	391	0.8	2.5	1.0	108
29	ddo46		13	07:41:26.6	+40:07:00.5	3	90	302	1.2	0.7	1.0	148
30	ddo46		14	07:41:27.0	+40:06:42.5	3	100	353	1.1	0.2	0.8	188
31	ddo46		15	07:41:28.2	+40:05:26.0	3	90	462	0.8	2.5	1.0	144
32	ddo46		16	07:41:28.2	+40:07:11.0	3	90	426	1.1	1.2	1.0	264
33	ddo46		17	07:41:28.6	+40:06:21.5	2	49	330	1.0	0.9	0.7	132
34	ddo46		18	07:41:29.4	+40:06:53.0	1	169	439	1.0	1.1	0.5	224
35	ddo47		1	07:41:46.7	+16:47:32.3	1	89	1100	0.7	5.1	0.7	79
36	ddo47		2	07:41:46.9	+16:49:27.8	1	60	829	0.7	4.0	0.3	35
37	ddo47		3	07:41:49.5	+16:47:12.8	1	105	428	0.7	4.9	0.8	4
38	ddo47		4	07:41:49.9	+16:46:32.3	1	90	1211	0.6	6.8	1.0	93
39	ddo47		5	07:41:50.7	+16:48:41.3	2	162	668	0.8	1.9	0.5	20
40	ddo47		6	07:41:52.3	+16:47:36.8	2	90	454	0.9	2.6	1.0	9
41	ddo47		7	07:41:53.4	+16:46:47.3	3	90	484	0.7	5.0	1.0	8
42	ddo47		8	07:41:54.2	+16:48:35.3	1	145	769	0.8	1.3	0.7	36
43	ddo47		9	07:41:54.2	+16:47:29.3	3	90	409	0.9	2.4	1.0	6
44	ddo47		10	07:41:54.7	+16:49:28.0	3	90	457	0.8	4.3	0.6	8
45	ddo47		11	07:41:55.7	+16:50:23.3	1	101	837	0.7	7.6	0.7	35
46	ddo47		12	07:41:56.1	+16:49:54.8	1	87	439	0.8	6.1	0.7	6
47	ddo47		13	07:41:57.7	+16:48:35.3	1	90	681	0.8	2.3	1.0	25
48	ddo47		14	07:41:58.2	+16:47:56.3	3	90	530	0.7	1.1	1.0	10
49	ddo47		15	07:41:58.8	+16:47:15.8	1	37	1623	0.8	2.5	0.9	869
50	ddo47		16	07:42:00.1	+16:48:37.3	2	65	524	0.9	3.3	0.8	12
51	ddo47		17	07:42:00.1	+16:49:26.3	2	20	371	0.8	5.8	0.7	4
52	ddo47		18	07:42:02.9	+16:46:41.9	2	62	586	0.8	4.2	0.6	14
53	ddo47		19	07:42:03.8	+16:48:12.7	1	61	927	0.7	4.0	0.7	51
54	ddo50		1	08:18:22.2	+70:44:29.1	1	110	1521	0.7	5.7	0.5	971
55	ddo50		2	08:18:28.0	+70:42:18.7	1	17	990	1.0	4.6	0.6	161
56	ddo50		3	08:18:31.5	+70:45:36.8	1	174	961	0.6	5.3	0.4	67
57	ddo50		4	08:18:36.0	+70:44:42.1	3	90	742	0.9	4.3	1.0	66
58	ddo50		5	08:18:38.2	+70:46:44.4	1	136	1011	0.6	5.5	0.8	81
59	ddo50		6	08:18:38.8	+70:45:47.4	1	73	926	0.6	4.7	0.6	57
60	ddo50		7	08:18:39.9	+70:41:36.9	1	90	792	0.8	3.4	1.0	59
61	ddo50		8	08:18:42.6	+70:40:54.9	1	180	203	0.9	3.5	0.5	1
62	ddo50		9	08:18:49.2	+70:43:40.0	1	42	348	0.9	2.3	0.8	6
63	ddo50		10	08:18:52.8	+70:42:47.5	3	90	198	1.2	1.8	1.0	3
64	ddo50		11	08:18:54.4	+70:41:28.1	1	20	653	0.8	2.3	0.9	33
65	ddo50		12	08:18:55.3	+70:38:52.1	1	35	1192	0.8	4.6	0.7	210
66	ddo50		13	08:18:57.5	+70:42:58.1	3	90	594	1.2	1.3	1.0	61
67	ddo50		14	08:18:58.2	+70:45:37.1	1	87	848	0.9	2.8	0.7	87
68	ddo50		15	08:18:59.5	+70:44:58.1	1	43	585	1.0	2.1	0.7	33
69	ddo50		16	08:19:02.8	+70:43:32.6	1	90	693	1.0	0.7	1.0	61
70	ddo50		17	08:19:05.8	+70:45:59.6	1	83	275	0.7	2.8	0.6	2
71	ddo50		18	08:19:05.9	+70:41:23.6	1	47	1889	1.1	2.1	0.7	3541
72	ddo50		19	08:19:07.6	+70:46:04.1	2	85	330	0.8	2.8	0.8	5
73	ddo50		20	08:19:07.6	+70:45:43.1	2	60	293	0.9	2.4	0.7	4
74	ddo50		21	08:19:09.5	+70:46:16.1	2	135	388	0.9	3.0	0.7	9
75	ddo50		22	08:19:12.8	+70:44:29.6	1	15	840	0.9	1.1	0.9	90
76	ddo50		23	08:19:13.1	+70:45:25.1	2	45	469	1.0	2.0	0.9	20
77	ddo50		24	08:19:17.1	+70:46:52.1	1	90	297	0.8	3.5	1.0	3
78	ddo50		25	08:19:19.2	+70:45:31.1	2	93	181	1.0	2.3	0.4	1
79	ddo50		26	08:19:20.4	+70:48:17.6	1	98	495	0.6	5.0	1.0	9
80	ddo50		27	08:19:23.1	+70:48:08.6	1	122	602	0.7	4.8	0.9	21
81	ddo50		28	08:19:23.4	+70:43:28.1	1	39	709	0.9	1.7	0.6	57
82	ddo50		29	08:19:25.2	+70:42:19.1	2	90	376	1.2	2.4	1.0	15
83	ddo50		30	08:19:25.6	+70:45:26.6	3	90	346	0.9	2.5	1.0	6
84	ddo50		31	08:19:26.2	+70:45:28.1	3	90	346	0.9	2.6	1.0	6
85	ddo50		32	08:19:27.8	+70:41:06.8	3	90	495	1.0	3.6	1.0	23
86	ddo50		33	08:19:28.0	+70:45:25.1	3	90	495	0.9	2.7	1.0	19
87	ddo50		34	08:19:28.8	+70:39:49.1	1	90	742	0.8	4.8	1.0	50
88	ddo50		35	08:19:29.2	+70:43:35.6	1	54	359	0.9	2.3	0.8	7
89	ddo50		36	08:19:33.1	+70:45:14.6	1	118	505	0.9	3.0	0.6	17
90	ddo50		37	08:19:35.4	+70:41:27.3	3	90	544	1.1	4.1	1.0	35
91	ddo50		38	08:19:37.4	+70:45:01.1	1	108	325	0.9	3.4	0.5	5
92	ddo50		39	08:19:37.8	+70:43:12.3	2	90	594	1.1	3.4	1.0	45
93	ddo50		40	08:19:40.7	+70:46:14.6	1	133	1784	0.8	4.2	0.5	1875
94	ddo50		41	08:19:45.2	+70:42:49.0	2	88	434	0.8	4.4	0.6	10
95	ddo52		1	08:28:23.7	+41:51:46.4	2	90	599	0.5	4.5	1.0	98
96	ddo52		2	08:28:25.7	+41:50:49.5	2	173	487	0.7	2.8	0.5	84
97	ddo52		3	08:28:26.2	+41:51:37.5	3	15	734	0.7	2.2	0.7	219
98	ddo52		4	08:28:26.6	+41:51:03.5	2	179	804	0.7	1.8	0.5	269
99	ddo52		5	08:28:26.7	+41:49:42.0	2	40	464	0.4	5.1	0.6	10
100	ddo52		6	08:28:26.9	+41:52:45.0	1	15	382	0.4	4.6	0.5	6
101	ddo52		7	08:28:27.4	+41:52:34.5	3	90	599	0.6	3.9	1.0	106
102	ddo52		8	08:28:28.1	+41:51:51.0	2	24	821	0.6	1.6	0.8	219
103	ddo52		9	08:28:28.5	+41:49:55.5	1	11	413	0.6	4.3	0.5	11
104	ddo52		10	08:28:28.5	+41:52:12.0	3	90	480	0.5	2.6	1.0	61
105	ddo52		11	08:28:28.5	+41:50:37.5	2	137	596	0.8	2.2	0.8	184
106	ddo52		12	08:28:29.4	+41:52:12.0	1	42	518	0.3	2.6	0.6	46
107	ddo52		13	08:28:30.1	+41:51:37.5	3	70	526	0.8	1.6	0.6	129
108	ddo52		14	08:28:30.9	+41:51:04.5	1	58	523	0.7	2.4	0.8	114
109	ddo52		15	08:28:32.1	+41:51:45.8	1	69	634	0.6	3.4	0.6	135
110	ddo52		16	08:28:33.0	+41:51:16.4	3	90	959	0.5	4.1	1.0	243
111	ddo52		17	08:28:34.7	+41:52:31.4	3	90	569	0.3	6.3	1.0	53
112	ddo53		1	08:34:03.5	+66:11:06.4	3	90	272	1.0	1.4	1.0	3
113	ddo53		2	08:34:03.8	+66:10:21.5	3	90	210	1.1	0.7	1.0	2
114	ddo53		3	08:34:04.8	+66:10:39.5	3	90	126	1.1	0.4	1.0	0
115	ddo53		4	08:34:05.3	+66:10:30.5	3	30	170	1.1	0.3	0.5	1
116	ddo53		5	08:34:07.5	+66:11:41.0	3	10	255	0.7	2.6	0.5	1
117	ddo53		6	08:34:10.0	+66:10:38.0	1	16	339	1.1	0.2	0.9	8
118	ddo53		7	08:34:11.4	+66:11:21.5	3	90	293	1.0	1.7	1.0	4
119	ddo63		1	09:40:13.9	+71:11:30.6	3	90	431	0.9	1.6	1.0	:
120	ddo63		2	09:40:22.1	+71:12:21.5	3	90	250	0.9	1.7	1.0	:
121	ddo63		3	09:40:22.4	+71:12:08.0	2	178	208	1.0	1.4	0.6	:
122	ddo63		4	09:40:22.7	+71:12:33.5	1	147	323	0.9	1.9	0.9	:
123	ddo63		5	09:40:28.6	+71:12:10.7	3	90	318	0.9	1.3	1.0	:
124	ddo63		6	09:40:30.6	+71:11:09.2	1	102	950	1.0	0.1	0.7	:
125	ddo63		7	09:40:35.2	+71:09:59.9	2	160	282	1.1	1.3	0.8	:
126	ddo69		1	09:59:13.8	+30:44:19.8	1	137	56	0.7	0.6	0.6	0
127	ddo69		2	09:59:21.0	+30:44:36.3	1	14	331	0.9	0.2	0.4	11
128	ddo69		3	09:59:26.6	+30:44:25.8	2	38	38	0.9	0.2	0.5	0
129	ddo69		4	09:59:30.2	+30:44:09.3	2	5	77	1.0	0.5	0.4	0
130	ddo70		1	09:59:47.6	+05:19:41.4	1	12	246	0.5	1.2	0.5	2
131	ddo70		2	09:59:53.5	+05:22:01.0	1	116	723	0.7	1.7	0.8	177
132	ddo70		3	09:59:53.5	+05:20:20.5	1	178	347	0.8	0.8	0.4	9
133	ddo70		4	09:59:57.2	+05:17:28.0	1	87	791	0.7	1.7	0.8	221
134	ddo70		5	09:59:57.7	+05:18:38.5	2	90	235	0.8	0.9	1.0	3
135	ddo70		6	09:59:59.4	+05:19:32.5	1	137	171	1.0	0.2	0.7	2
136	ddo70		7	10:00:02.8	+05:19:41.5	1	93	251	0.9	0.2	0.7	4
137	ddo70		8	10:00:05.0	+05:18:38.5	1	160	321	0.9	0.9	0.8	8
138	ddo70		9	10:00:07.3	+05:20:05.5	1	90	303	0.8	0.6	1.0	6
139	ddo75		1	10:10:55.3	-04:42:31.0	1	152	269	0.9	0.4	0.6	7
140	ddo75		2	10:11:06.1	-04:41:26.5	1	90	303	1.2	0.7	1.0	19
141	ddo75		3	10:11:01.1	-04:41:07.0	1	123	1195	1.0	0.4	0.6	1428
142	ddo75		4	10:11:02.2	-04:43:41.5	1	114	312	0.9	0.8	0.6	11
143	ddo87		1	10:49:21.0	+65:30:43.9	3	90	515	0.5	4.6	1.0	9
144	ddo87		2	10:49:21.7	+65:31:33.4	1	90	1344	0.5	3.1	1.0	382
145	ddo87		3	10:49:25.1	+65:30:57.4	1	90	1344	0.6	3.5	1.0	467
146	ddo87		4	10:49:26.5	+65:32:01.9	2	172	491	0.7	2.6	0.5	12
147	ddo87		5	10:49:28.7	+65:32:39.4	1	180	1820	0.5	4.4	0.5	762
148	ddo87		6	10:49:31.6	+65:33:18.5	2	43	475	0.5	6.8	0.7	6
149	ddo87		7	10:49:32.1	+65:31:56.0	2	5	691	0.8	1.1	0.8	36
150	ddo87		8	10:49:32.9	+65:31:04.8	3	90	851	0.6	2.8	1.0	51
151	ddo87		9	10:49:33.3	+65:31:48.5	3	90	762	0.7	0.4	1.0	42
152	ddo87		10	10:49:36.0	+65:30:44.1	2	140	693	0.7	4.5	0.9	33
153	ddo87		11	10:49:36.2	+65:29:59.0	2	177	356	0.4	7.6	0.8	2
154	ddo87		12	10:49:37.6	+65:31:42.5	3	90	403	0.7	0.8	1.0	6
155	ddo87		13	10:49:38.8	+65:32:31.9	1	89	1406	0.6	3.1	0.6	510
156	ddo87		14	10:49:40.0	+65:31:31.4	3	90	672	0.6	1.9	1.0	25
157	ddo87		15	10:49:41.0	+65:30:43.9	1	178	671	0.5	5.1	0.9	19
158	ddo87		16	10:49:49.4	+65:32:22.9	2	85	1098	0.4	3.8	0.7	204
159	ddo87		17	10:49:51.6	+65:31:10.9	2	39	480	0.4	5.5	0.6	5
160	ddo87		18	10:49:55.0	+65:32:16.9	3	90	627	0.3	4.9	1.0	10
161	ddo101		1	11:55:38.1	+31:31:05.0	2	86	355	0.5	0.6	0.5	34
162	ddo101		2	11:55:38.5	+31:31:27.5	3	90	335	0.6	0.9	1.0	35
163	ddo126		1	12:27:02.0	+37:08:46.5	1	170	477	1.0	2.0	0.7	25
164	ddo126		2	12:27:03.7	+37:09:15.0	3	132	465	1.1	1.6	0.7	26
165	ddo126		3	12:27:07.8	+37:08:36.0	1	116	650	1.0	1.3	0.8	206
166	ddo126		4	12:27:11.7	+37:07:56.9	1	6	996	0.9	2.4	0.6	391
167	ddo133		1	12:32:50.7	+31:31:26.1	1	19	573	0.7	1.8	0.7	131
168	ddo133		2	12:32:52.1	+31:30:36.6	1	57	612	0.6	2.1	0.5	112
169	ddo133		3	12:32:56.4	+31:33:56.1	1	90	856	0.7	1.8	1.0	320
170	ddo133		4	12:32:57.2	+31:31:48.6	1	180	494	0.9	0.7	0.6	142
171	ddo133		5	12:32:59.5	+31:32:53.1	1	150	545	0.8	1.6	0.7	166
172	ddo154		1	12:53:58.2	+27:08:28.5	3	90	248	1.0	2.6	1.0	2
173	ddo154		2	12:54:01.5	+27:08:26.0	1	132	305	1.1	1.4	0.7	6
174	ddo154		3	12:54:02.9	+27:07:54.0	1	28	464	0.9	1.9	0.6	12
175	ddo154		4	12:54:03.0	+27:09:17.0	2	90	183	1.2	1.4	1.0	1
176	ddo154		5	12:54:03.4	+27:08:48.5	1	90	485	1.2	0.8	1.0	26
177	ddo154		6	12:54:06.2	+27:08:20.0	1	23	644	1.1	1.8	0.8	47
178	ddo154		7	12:54:07.1	+27:09:57.5	3	90	194	1.1	1.3	1.0	1
179	ddo154		8	12:54:08.3	+27:09:14.0	2	153	415	1.2	1.0	0.5	15
180	ddo154		9	12:54:15.9	+27:09:40.9	1	45	391	0.9	3.7	0.6	7
181	ddo155		1	12:58:38.7	+14:13:07.5	1	90	288	0.9	0.2	1.0	56
182	ddo155		2	12:58:39.2	+14:12:49.5	1	140	225	0.9	0.3	0.6	8
183	ddo155		3	12:58:40.9	+14:13:24.0	1	90	282	0.8	0.2	1.0	39
184	ddo165		1	13:06:12.1	+67:42:12.9	2	31	347	1.0	1.6	0.7	7
185	ddo165		2	13:06:16.3	+67:42:33.9	3	90	452	0.9	1.1	1.0	13
186	ddo165		3	13:06:29.8	+67:42:40.0	1	135	1797	0.7	0.8	0.7	1049
187	ddo167		1	13:13:20.8	+46:19:46.0	3	90	269	0.9	0.9	1.0	7
188	ddo167		2	13:13:22.4	+46:19:05.5	1	138	387	0.6	0.2	0.6	10
189	ddo167		3	13:13:24.7	+46:19:23.5	1	90	391	0.6	0.8	1.0	11
190	ddo168		1	13:14:24.7	+45:55:54.1	3	90	501	1.3	0.8	1.0	389
191	ddo168		2	13:14:27.4	+45:56:40.5	1	90	751	1.1	1.4	1.0	500
192	ddo187		1	14:15:55.4	+23:02:52.0	3	90	115	1.0	0.3	1.0	3
193	ddo187		2	14:15:57.8	+23:03:44.5	3	90	173	1.0	0.3	1.0	27
194	ddo187		3	14:15:58.2	+23:03:50.5	2	98	155	0.9	0.4	0.8	17
195	ddo210		1	20:46:52.2	-12:51:09.6	1	90	79	0.8	0.2	1.0	0
196	ddo216		1	23:28:27.7	+14:45:03.9	3	90	147	0.5	0.7	1.0	1
197	ddo216		2	23:28:27.7	+14:45:28.4	3	90	320	0.6	0.6	1.0	17
198	ddo216		3	23:28:33.6	+14:45:56.4	3	90	205	0.4	1.0	1.0	1
199	F564-V3		1	09:02:51.0	+20:04:17.0	3	90	835	0.3	2.1	1.0	139
200	F564-V3		2	09:02:51.2	+20:04:30.5	3	90	962	0.4	1.9	1.0	232
201	F564-V3		3	09:02:52.7	+20:03:35.0	2	140	588	0.0	2.4	0.6	37
202	F564-V3		4	09:02:53.0	+20:05:00.5	3	168	680	0.3	1.5	0.5	99
203	F564-V3		5	09:02:53.6	+20:04:09.5	2	62	650	0.5	0.8	0.6	135
204	F564-V3		6	09:02:54.2	+20:03:54.5	2	145	877	0.2	1.5	0.8	125
205	F564-V3		7	09:02:54.4	+20:03:41.0	3	122	702	0.0	2.1	0.8	49
206	F564-V3		8	09:02:54.5	+20:04:59.0	3	1	1208	0.4	1.3	0.5	377
207	Haro29		1	12:26:13.7	+48:29:46.0	3	90	439	0.8	1.0	1.0	20
208	Haro29		2	12:26:15.3	+48:30:07.0	3	13	405	0.8	1.6	0.6	18
209	Haro36		1	12:46:54.1	+51:36:26.1	3	90	1137	1.2	1.5	1.0	1978
210	ic10		1	00:19:52.1	+59:18:05.1	3	90	81	1.0	0.9	1.0	0
211	ic10		2	00:19:53.2	+59:17:30.6	2	9	83	1.1	0.9	0.5	1
212	ic10		3	00:02:00.3	+59:17:51.5	1	15	250	0.9	0.7	0.7	9
213	ic10		4	00:02:06.3	+59:19:33.8	1	85	129	1.0	0.6	0.6	1
214	ic10		5	00:20:10.7	+59:16:59.3	1	2	200	1.0	0.4	0.3	5
215	ic10		6	00:20:13.4	+59:17:44.3	1	151	181	0.9	0.3	0.7	3
216	ic10		7	00:20:15.2	+59:16:50.3	1	10	135	1.0	0.3	0.7	2
217	ic10		8	00:20:16.7	+59:19:36.9	1	174	225	1.0	0.4	0.7	7
218	ic10		9	00:20:17.3	+59:18:39.9	2	90	51	1.0	0.2	1.0	0
219	ic10		10	00:20:22.0	+59:18:26.4	1	139	237	1.0	0.2	0.7	10
220	ic10		11	00:20:22.2	+59:17:29.4	1	134	68	1.3	0.0	0.6	0
221	ic10		12	00:20:23.8	+59:17:12.9	1	12	46	1.3	0.1	0.8	0
222	ic10		13	00:20:27.5	+59:19:57.2	2	73	97	1.0	0.6	0.9	1
223	ic10		14	00:20:28.5	+59:21:06.9	1	177	146	1.2	0.9	0.8	3
224	ic10		15	00:20:28.7	+59:19:20.4	1	5	127	1.0	0.5	0.9	1
225	ic10		16	00:20:33.8	+59:20:09.8	1	38	118	1.0	0.8	0.6	1
226	ic10		17	00:20:42.2	+59:17:24.8	1	46	193	1.0	0.6	0.6	5
227	ic10		18	00:20:44.8	+59:19:17.2	2	42	57	1.2	0.9	0.7	0
228	ic10		19	00:20:46.7	+59:19:53.2	1	130	135	1.1	1.0	0.7	2
229	ic10		20	00:20:47.1	+59:18:15.7	2	112	93	1.1	0.8	0.4	1
230	ic1613		1	01:04:31.8	+02:07:24.8	1	120	745	0.5	0.9	0.3	165
231	ic1613		2	01:04:37.1	+02:10:08.3	1	140	425	0.6	0.9	0.5	16
232	ic1613		3	01:04:48.8	+02:12:41.3	1	60	634	0.4	1.2	0.7	105
233	ic1613		4	01:04:49.2	+02:03:29.3	1	144	209	0.6	1.1	0.7	2
234	ic1613		5	01:04:54.6	+02:07:14.3	1	132	821	0.6	0.3	0.6	297
235	ic1613		6	01:04:53.4	+02:03:35.3	1	90	143	0.7	1.1	1.0	1
236	ic1613		7	01:04:58.4	+02:09:26.3	1	144	172	1.2	0.6	0.8	4
237	ic1613		8	01:05:03.3	+02:11:14.3	1	164	295	0.9	1.1	0.5	11
238	ic1613		9	01:05:04.4	+02:09:17.3	1	154	163	1.1	0.8	0.7	3
239	ic1613		10	01:05:06.0	+02:07:29.3	1	132	156	0.9	0.9	0.7	2
240	ic1613		11	01:05:09.7	+02:09:35.3	1	171	191	0.9	1.1	0.7	4
241	lgs3		1	01:03:51.1	+21:52:21.5	1	35	47	-0.3	0.5	0.6	0
242	lgs3		2	01:03:51.4	+21:52:05.0	1	47	40	-0.3	0.4	0.4	0
243	lgs3		3	01:03:56.7	+21:53:06.5	1	28	27	-0.1	0.2	0.6	0
244	lgs3		4	01:03:57.5	+21:53:24.5	3	90	57	-0.2	0.3	1.0	0
245	lgs3		5	01:03:58.2	+21:52:30.5	1	43	32	-0.2	0.3	0.5	0
246	lgs3		6	01:03:58.8	+21:53:17.0	3	164	50	-0.3	0.4	0.8	0
247	lgs3		7	01:03:59.0	+21:52:23.0	3	90	37	-0.2	0.4	1.0	0
248	M81dwA		1	08:23:40.9	+71:01:52.4	3	90	306	0.3	1.4	1.0	2
249	M81dwA		2	08:23:45.8	+71:01:26.9	2	90	204	0.2	1.1	1.0	1
250	M81dwA		3	08:23:53.5	+71:02:10.5	1	78	1177	0.3	0.6	0.6	217
251	M81dwA		4	08:23:53.8	+71:00:58.5	3	90	244	0.4	1.3	1.0	1
252	M81dwA		5	08:23:56.9	+71:01:04.5	3	48	294	0.5	1.1	0.6	3
253	M81dwA		6	08:24:02.7	+71:01:02.9	3	40	253	0.4	1.3	0.8	2
254	M81dwA		7	08:24:03.3	+71:01:28.4	3	90	204	0.5	0.8	1.0	1
255	M81dwA		8	08:24:05.2	+71:01:31.4	3	90	183	0.4	0.8	1.0	1
256	M81dwA		9	08:24:07.3	+71:01:44.9	3	90	183	0.4	0.9	1.0	1
257	M81dwA		10	08:24:10.1	+71:02:13.4	3	52	355	0.4	1.2	0.8	4
258	Mrk178		1	11:33:27.5	+49:14:23.0	2	168	357	0.9	0.6	0.7	8
259	ngc1569		1	04:30:48.3	+64:50:58.1	1	54	287	1.5	0.2	0.7	28
260	ngc1569		2	04:30:50.0	+64:50:41.5	1	125	351	1.3	0.3	0.7	31
261	ngc1569		3	04:30:50.0	+64:51:25.0	3	90	257	1.5	1.1	1.0	20
262	ngc1569		4	04:30:52.5	+64:50:32.3	2	179	258	1.4	0.5	0.7	16
263	ngc1569		5	04:31:00.0	+64:50:27.3	1	45	228	1.5	1.2	0.7	14
264	ngc2366		1	07:28:32.3	+69:11:04.0	2	136	427	1.3	2.5	0.5	22
265	ngc2366		2	07:28:34.3	+69:10:59.5	1	90	475	1.3	2.1	1.0	25
266	ngc2366		3	07:28:41.3	+69:12:07.0	1	136	632	1.3	1.5	0.9	67
267	ngc2366		4	07:28:41.6	+69:11:31.0	3	90	297	1.4	1.1	1.0	9
268	ngc2366		5	07:28:44.4	+69:10:34.1	2	90	327	1.4	2.7	1.0	10
269	ngc2366		6	07:28:50.3	+69:12:11.6	2	90	257	1.4	0.7	1.0	6
270	ngc2366		7	07:28:51.2	+69:12:37.1	1	4	189	1.4	0.4	0.5	2
271	ngc2366		8	07:28:54.3	+69:13:25.1	2	90	297	1.5	1.2	1.0	10
272	ngc2366		9	07:28:54.5	+69:12:53.6	3	90	376	1.4	0.9	1.0	18
273	ngc2366		10	07:28:57.6	+69:12:37.1	2	90	376	1.5	1.8	1.0	21
274	ngc2366		11	07:28:59.6	+69:13:11.6	1	135	246	1.5	1.7	0.3	6
275	ngc3738		1	11:35:45.7	+54:31:11.0	1	90	399	1.1	0.7	1.0	:
276	ngc3738		2	11:35:50.4	+54:31:17.0	1	42	378	1.1	0.3	0.7	:
277	ngc3738		3	11:35:52.5	+54:32:06.5	1	179	340	1.1	1.3	0.6	:
278	ngc4214		1	12:15:22.9	+36:21:26.9	3	90	594	0.9	3.6	1.0	74
279	ngc4214		2	12:15:25.2	+36:18:52.4	1	90	2334	0.9	2.8	0.6	4382
280	ngc4214		3	12:15:28.4	+36:16:16.4	1	129	805	0.8	3.5	0.6	502
281	ngc4214		4	12:15:31.3	+36:21:11.9	2	142	454	1.1	2.1	0.8	54
282	ngc4214		5	12:15:32.0	+36:20:22.4	1	90	716	1.0	1.6	1.0	595
283	ngc4214		6	12:15:35.6	+36:23:25.5	1	47	527	0.8	3.4	0.9	49
284	ngc4214		7	12:15:35.9	+36:18:10.5	1	159	614	0.9	1.4	0.9	347
285	ngc4214		8	12:15:37.7	+36:17:04.5	1	90	742	0.9	2.3	1.0	546
286	ngc4214		9	12:15:40.1	+36:19:17.8	1	90	262	1.3	0.4	1.0	17
287	ngc4214		10	12:15:40.2	+36:21:42.0	1	90	1104	0.9	1.8	0.6	1208
288	ngc4214		11	12:15:41.7	+36:20:10.5	3	90	541	1.0	0.7	1.0	80
289	ngc4214		12	12:15:42.6	+36:17:58.5	1	90	393	1.1	1.6	1.0	36
290	ngc4214		13	12:15:43.5	+36:19:30.7	2	164	383	1.1	0.9	0.6	38
291	ngc4214		14	12:15:46.0	+36:22:01.4	1	111	1014	0.8	2.4	0.4	703
292	ngc4214		15	12:15:47.3	+36:20:28.4	1	109	1054	0.9	1.7	0.6	995
293	ngc4214		16	12:15:47.6	+36:16:37.3	1	177	263	1.0	3.2	0.7	9
294	ngc4214		17	12:15:50.5	+36:18:34.4	2	22	679	1.0	2.4	0.5	502
295	ngc4214		18	12:15:53.5	+36:21:50.9	2	106	856	0.8	3.3	0.6	475
296	ngc4214		19	12:15:54.6	+36:19:14.9	1	90	611	0.9	3.0	1.0	352
297	ngc4214		20	12:15:55.1	+36:16:47.9	1	90	873	0.8	4.1	1.0	530
298	ngc4214		21	12:15:56.0	+36:20:26.9	1	90	698	0.8	3.3	1.0	381
299	SagDIG		1	19:29:56.1	-17:41:41.9	1	125	666	0.4	0.6	0.8	8
300	ugc8508		1	13:30:37.2	+54:55:19.4	3	162	117	0.9	1.1	0.6	1
301	ugc8508		2	13:30:38.8	+54:54:46.4	3	90	121	0.9	0.7	1.0	1
302	ugc8508		3	13:30:46.3	+54:54:30.0	1	173	262	1.3	0.2	0.5	19
303	WLM		1	00:01:56.1	-15:28:57.0	1	94	105	1.3	0.8	0.7	1
304	WLM		2	00:01:58.5	-15:27:41.8	1	139	189	1.4	0.1	0.9	9
305	WLM		3	00:01:58.9	-15:28:49.5	1	90	102	1.4	0.3	1.0	2
306	WLM		4	00:02:03.7	-15:31:12.0	1	90	268	1.1	1.3	1.0	34
